№ | Distance (m) | Elevation (m)
-----------------------------------
 0 |       0.00 |  1264.00
 1 |     123.85 |  1285.00
 2 |     213.45 |  1285.00
 3 |     323.50 |  1333.00
 4 |     418.87 |  1310.00
 5 |     517.41 |  1318.00
 6 |     587.78 |  1318.00
 7 |     771.72 |  1339.00
 8 |     932.77 |  1375.00
 9 |    1118.27 |  1417.00
10 |    1370.81 |  1486.00
11 |    1609.63 |  1524.00
12 |    1821.14 |  1553.00
13 |    1997.37 |  1630.00
14 |    2149.85 |  1757.00
15 |    2320.61 |  1794.00
16 |    2508.83 |  1828.00
17 |    2713.01 |  1887.00
18 |    2904.95 |  1975.00
19 |    3020.65 |  1975.00
20 |    3069.32 |  2031.00
